463 480
461 465
431 479
451 432
467 483
400 508
506 473
412 424
437 471
450 409
432 361
499 410
471 456
485 455
465 440
474 466
437 484
432 476
491 392
503 462
428 473
403 486
454 459
501 506
407 431
406 402
382 441
363 363
399 401
347 442
414 400
369 377
354 400
396 351
363 338
428 358
400 401
389 391
384 360
379 368
374 412
385 415
441 349
433 390
377 424
337 404
384 399
441 431
452 456
437 424
394 434
430 398
453 468
425 479
440 456
386 362
400 403
463 395
403 345
446 382
460 426
442 410
419 420
412 426
405 444
437 465
456 378
470 409
402 454
381 437
425 447
475 474
467 459
402 441
414 445
414 415
432 450
386 485
471 447
404 390
408 445
437 414
405 368
443 384
430 455
441 432
426 454
407 431
419 486
432 452
474 351
480 417
415 462
376 440
420 452
492 476
469 486
476 457
446 493
468 445
493 476
442 502
521 466
446 417
445 457
456 427
435 395
486 419
457 438
470 465
456 462
436 440
446 497
468 495
504 392
528 465
446 490
393 494
462 475
506 528
464 474
443 421
383 439
446 397
448 451
414 452
470 449
399 389
413 439
431 413
402 346
435 389
454 450
465 421
443 446
421 421
438 434
432 462
436 401
461 436
423 448
388 452
451 461
482 458
485 501
481 504
441 505
452 440
470 485
456 537
498 512
441 434
455 479
477 405
443 382
470 397
473 470
510 481
441 484
452 470
425 527
480 517
497 413
513 461
465 497
409 476
481 481
498 491
470 482
433 467
408 482
421 392
426 441
390 488
464 451
419 429
419 445
430 375
397 348
441 381
457 455
462 440
430 432
444 437
426 467
442 472
465 384
482 440
405 470
373 456
432 447
482 473
526 509
457 454
441 490
462 442
468 497
439 519
508 513
433 387
462 467
490 441
419 373
473 429
488 465
484 451
451 470
450 470
455 513
489 515
483 444
519 449
453 490
429 478
481 475
500 503
402 438
425 430
385 420
389 369
435 403
400 435
435 425
374 364
412 415
393 369
386 323
446 363
426 397
443 395
382 408
392 397
421 451
398 441
438 336
433 403
404 416
360 424
420 451
444 442
492 508
484 494
450 499
472 412
491 486
453 536
511 506
468 424
475 477
453 434
426 395
500 436
486 477
490 443
455 449
474 464
473 520
461 511
511 400
537 475
456 503
390 508
476 511
511 538
435 436
409 402
400 441
402 384
421 456
407 468
447 456
400 342
409 407
401 412
388 346
422 370
420 420
439 403
423 413
409 427
424 449
429 440
427 370
466 413
422 451
374 452
456 436
463 461
484 483
491 478
432 450
436 427
470 475
443 503
480 493
429 410
451 464
481 410
424 364
492 389
467 450
503 452
437 456
450 446
445 523
469 506
510 406
517 450
440 470
400 486
446 487
494 472
495 495
474 465
419 472
452 415
456 482
430 514
501 464
411 435
443 470
460 429
431 389
501 411
479 487
495 462
455 459
441 436
440 488
487 515
509 402
482 436
457 488
404 473
463 471
539 496
436 454
435 412
384 453
396 412
433 439
408 452
471 449
390 419
404 418
417 394
379 367
438 377
428 430
457 427
407 423
402 425
409 450
454 462
438 358
456 419
421 462
374 431
454 444
519 456
453 437
416 423
393 451
412 411
426 465
419 480
457 479
405 373
395 431
444 379
409 362
434 382
409 426
432 420
440 424
418 409
386 451
447 461
443 381
491 411
419 452
353 453
433 429
495 472
454 468
411 424
372 433
397 406
423 429
383 443
466 439
397 380
429 443
416 369
395 339
413 368
407 412
412 396
415 436
400 395
408 455
427 468
438 358
455 417
406 427
345 433
423 418
457 418
466 471
455 424
399 434
409 416
443 463
430 470
461 463
383 399
424 452
451 416
408 351
435 390
456 432
453 421
435 433
401 416
432 473
456 463
468 375
480 416
454 443
400 453
429 445
482 455
457 506
477 482
412 506
438 426
460 482
432 501
489 493
445 436
440 458
470 393
430 382
494 402
458 457
473 426
427 434
459 464
452 487
454 493
500 412
521 486
433 475
394 477
473 481
525 511
424 438
417 414
356 415
369 379
403 423
360 419
429 405
382 349
383 421
385 358
349 314
415 363
415 390
428 394
395 398
391 373
404 442
409 449
417 346
416 365
369 404
350 422
416 399
442 440
510 519
501 502
454 536
472 461
458 497
447 559
539 521
461 457
449 508
498 435
463 403
497 420
505 508
507 481
465 483
488 476
472 549
509 518
516 437
536 503
471 523
440 510
469 507
542 523
476 513
469 474
419 486
456 464
453 486
458 514
495 495
462 424
447 474
460 412
460 388
474 396
444 464
490 457
458 483
463 448
446 502
447 509
487 410
504 451
442 469
384 475
496 479
505 523
461 483
444 460
411 483
427 423
461 462
419 482
471 468
421 393
409 448
449 391
433 375
464 401
433 457
434 440
443 449
422 417
430 479
449 492
488 382
508 434
420 475
385 472
428 449
498 497
470 495
432 441
397 436
374 396
434 427
383 446
433 428
388 387
418 430
424 377
378 349
435 360
430 402
427 418
390 427
398 414
407 470
429 464
464 369
451 410
393 435
371 434
418 436
463 447
466 471
435 462
361 438
390 363
407 443
405 480
436 440
380 392
390 436
445 372
405 351
436 354
444 433
482 391
393 428
414 412
392 450
420 467
441 371
457 416
416 447
365 454
426 433
453 454
500 503
480 472
425 459
417 409
451 487
422 511
469 496
421 422
440 473
465 412
416 375
484 415
486 477
489 460
471 453
450 436
442 523
447 503
507 403
499 439
456 469
413 462
468 490
477 499
486 498
480 440
406 467
420 427
448 457
422 479
502 474
422 425
437 456
444 427
389 390
458 410
456 461
470 450
434 443
448 445
443 487
450 499
471 408
456 442
430 463
395 454
470 499
508 489
494 487
440 469
416 453
408 418
473 460
400 492
491 476
430 398
423 458
417 401
415 386
457 406
457 456
446 447
432 441
429 449
448 494
448 486
515 377
481 442
444 470
372 468
462 478
500 487
427 474
463 431
397 426
406 372
418 430
419 454
437 432
398 407
423 420
410 389
390 364
438 353
423 439
440 411
405 429
411 438
430 475
400 447
455 356
457 441
422 451
370 412
434 452
458 462
451 486
482 453
406 469
425 422
458 465
455 475
477 473
431 389
437 440
464 429
415 381
437 396
437 434
460 436
424 451
418 423
432 493
447 522
458 402
487 428
429 458
374 471
459 465
486 478
488 483
485 452
396 435
428 412
442 471
433 487
476 454
422 398
427 440
444 393
411 391
465 382
457 454
437 463
437 472
423 445
429 512
472 507
505 384
489 428
432 475
390 441
459 457
495 500
489 500
505 468
436 480
463 419
462 463
463 499
480 478
429 416
446 446
464 420
429 398
469 379
456 456
490 441
437 471
466 457
464 513
456 484
486 408
513 474
442 495
397 491
469 484
514 517
456 471
438 448
385 443
408 418
425 413
374 443
476 436
372 423
397 444
442 368
398 362
420 377
410 411
467 411
393 438
400 424
413 455
422 464
457 367
443 425
405 435
368 435
420 425
504 448
472 491
499 467
429 515
422 426
446 451
435 488
505 478
433 425
438 456
485 421
406 394
439 388
432 450
461 431
400 424
429 476
441 503
469 505
474 424
517 470
453 454
385 468
449 472
523 494
496 483
452 446
396 471
444 442
452 465
432 492
488 485
413 406
437 451
458 399
422 379
429 418
457 445
450 462
457 476
419 427
462 511
469 487
477 409
467 439
456 463
383 459
475 440
505 497
452 479
438 432
409 438
404 385
423 424
396 474
446 449
371 400
417 400
443 389
411 359
422 369
445 448
469 409
399 408
422 424
423 465
425 445
445 377
454 455
427 460
368 443
424 445
486 469
434 438
421 427
356 430
405 380
392 420
396 454
438 436
362 368
372 414
415 357
408 353
414 358
411 423
447 400
406 407
406 386
402 438
409 456
447 376
465 404
406 433
376 459
419 406
448 478
451 453
408 411
399 471
423 402
412 441
384 482
447 434
378 389
417 414
447 390
384 355
421 365
426 443
435 405
380 436
385 423
399 464
465 461
453 366
471 423
401 458
390 426
426 436
474 443
452 470
443 435
424 461
408 424
442 445
407 471
480 461
424 407
418 447
422 396
390 372
441 397
426 413
440 434
424 431
418 447
416 482
432 462
457 359
489 430
410 461
360 454
446 448
488 475
471 484
447 455
396 472
415 406
443 458
424 475
460 465
406 401
417 423
445 387
400 380
439 357
439 464
438 437
431 447
428 420
422 482
456 490
459 382
473 419
414 483
376 439
446 448
496 483
455 476
421 429
368 456
408 399
401 427
391 458
458 455
391 400
396 429
425 383
390 344
424 375
432 420
451 407
416 397
437 419
427 433
408 455
436 404
435 416
382 428
372 452
420 457
449 469
500 493
447 437
419 475
432 420
444 451
419 517
480 466
416 424
444 454
462 415
432 373
495 374
453 436
474 413
401 426
457 440
414 480
431 478
478 407
490 451
423 463
377 448
432 461
483 494
482 490
491 471
416 498
448 427
444 462
441 507
520 492
437 418
445 465
440 435
428 382
453 383
451 478
490 469
454 460
463 465
458 499
469 500
471 416
496 448
481 498
412 488
473 474
506 497
419 411
375 383
324 383
358 331
360 397
365 412
391 386
356 339
362 408
381 347
341 322
389 322
394 406
397 371
346 378
351 359
350 416
390 409
383 339
418 357
381 396
330 369
373 381
402 406
472 492
477 471
425 451
443 398
441 475
445 500
497 466
438 421
432 450
444 427
436 383
456 396
466 489
490 449
432 454
438 434
438 484
461 497
485 384
518 461
442 495
399 490
457 474
499 513
506 496
465 457
416 443
441 442
437 498
436 501
493 482
410 402
423 468
483 418
461 383
481 376
459 459
491 472
465 483
437 457
423 500
478 513
483 408
496 440
458 477
412 449
468 462
484 509
426 430
416 409
407 453
393 391
407 433
387 463
444 411
405 381
397 406
423 379
384 354
439 356
403 416
403 424
407 436
389 400
386 469
440 448
455 341
484 416
389 445
345 431
420 423
475 459
432 449
470 435
404 453
407 413
454 464
437 450
465 440
401 369
406 416
445 399
407 367
457 367
446 431
425 436
421 434
407 428
430 482
470 486
488 372
491 430
416 454
381 454
437 466
492 484