330
281
251
324
259
224
310
245
282
281
315
305
279
362
267
255
259
300
287
293
304
262
319
265
293
280
270
323
299
352
305
287
313
285
269
316
272
221
317
242
313
321
303
312
284
355
292
238
272
310
285
308
325
267
308
304
316
282
296
297
321
334
324
295
335
317
253
335
263
231
331
277
324
300
310
320
329
356
303
258
297
328
288
306
324
271
335
287
314
298
309
325
321
324
333
311
289
242
223
270
244
200
268
245
274
259
265
272
272
316
247
186
243
256
252
254
279
218
268
262
281
251
267
278
286
288
270
271
328
313
287
353
272
241
350
267
312
323
319
314
299
362
277
257
282
313
306
310
314
283
327
302
336
315
316
322
339
329
348
341
321
279
243
319
258
222
302
223
294
285
309
313
284
338
287
249
270
286
285
262
304
237
297
261
327
271
301
304
302
327
309
295
250
241
232
263
225
186
293
221
266
259
259
260
235
293
229
188
210
241
224
232
275
217
233
250
272
242
244
234
275
287
287
257
359
322
266
352
291
242
334
276
325
323
329
335
329
377
304
262
290
331
318
320
330
276
342
295
352
307
309
322
340
342
351
306
373
320
310
361
315
247
363
289
365
359
364
361
321
404
342
252
299
344
327
330
360
289
353
342
366
323
345
347
365
371
369
337
342
317
304
336
275
245
362
284
342
339
338
326
316
372
299
250
268
329
297
323
352
301
322
308
329
318
305
326
347
367
346
340
256
250
205
283
215
185
267
201
255
254
238
261
255
274
233
195
211
244
245
238
269
223
254
225
260
244
251
260
268
268
274
245
351
324
303
355
301
255
357
270
342
348
354
341
330
378
328
267
283
342
313
334
330
282
345
311
364
326
319
316
348
358
360
323
315
298
258
350
248
227
317
232
293
300
295
323
284
342
260
256
257
301
315
286
329
261
309
283
313
287
294
308
305
324
329
304
291
260
237
273
240
205
287
238
281
268
289
265
281
300
256
204
266
288
252
279
272
231
297
240
279
237
250
278
273
288
291
292
315
270
264
290
236
227
321
253
292
284
301
282
268
309
259
206
244
286
288
291
293
248
300
245
288
270
272
289
296
306
315
291
234
232
195
236
183
166
237
178
225
218
219
217
218
245
192
179
190
212
217
206
222
189
229
210
248
215
218
211
223
229
249
216
323
310
270
345
260
229
332
264
318
307
299
306
307
352
293
244
278
304
300
302
309
263
333
275
307
296
317
323
310
332
335
295
260
235
228
262
218
204
279
201
267
255
269
250
227
295
249
201
220
232
253
237
267
202
271
226
261
240
261
251
256
279
267
251
317
287
251
315
252
218
312
235
282
290
288
291
268
317
265
236
238
297
304
285
311
253
319
254
281
260
287
292
295
303
335
280
283
254
234
281
253
180
290
222
291
283
275
272
260
308
259
185
230
254
261
252
278
213
278
266
301
252
277
265
284
288
304
257
328
314
278
330
285
235
331
248
327
325
326
311
289
350
282
234
249
300
296
303
329
273
320
292
321
310
306
304
323
343
329
313
289
283
249
305
246
214
289
249
304
282
282
270
269
326
248
203
263
279
269
276
292
241
299
268
286
258
261
279
286
293
293
277
321
290
255
319
285
234
337
267
308
298
314
309
306
348
293
228
279
318
276
315
310
266
328
276
302
277
295
320
325
356
328
289
344
310
282
345
262
246
337
260
310
330
300
321
305
364
287
252
294
312
327
308
328
279
338
297
331
293
324
326
331
341
352
332
315
299
257
326
269
212
311
248
311
299
313
302
306
329
283
219
274
304
299
277
296
247
327
294
317
277
299
314
303
303
334
307
255
245
199
262
228
171
252
204
264
271
240
264
228
298
217
175
208
243
249
236
287
208
244
262
274
245
244
237
262
262
267
235
321
292
277
326
261
233
327
247
299
294
326
305
282
330
272
236
265
306
284
295
304
264
319
261
309
272
270
304
313
334
319
315
349
314
285
345
289
248
360
270
327
326
333
324
312
375
288
262
305
333
324
330
326
271
344
312
357
306
326
327
336
365
356
322
289
247
233
274
222
202
294
239
269
280
272
280
271
306
262
203
247
294
248
281
272
216
283
250
282
256
255
255
285
277
298
276
323
323
278
371
288
232
325
240
330
329
324
331
292
356
282
246
269
309
319
306
326
269
336
295
338
307
324
316
318
333
340
302
302
287
250
305
245
218
298
243
306
277
295
273
248
341
267
230
271
277
269
256
320
247
291
275
286
272
283
298
297
322
306
301
371
315
289
328
297
235
336
270
320
320
334
319
309
361
290
255
283
309
318
305
326
281
346
295
331
295
320
332
333
348
339
353